Bone 39
BoneHierarchy
-1 0 1 2 3 4 5 6 7 8 8 10 8 12 13 4 15 16 17 18 18 20 18 22 23 4 25 26 26 1 29 30 31 32 1 34 35 36 37 
BoneName
root pelvis spine_01 spine_02 spine_03 clavicle_l upperarm_l lowerarm_l hand_l Prop_Revolver_01 middle_01_l middle_02_l thumb_01_l thumb_02_l thumb_03_l clavicle_r upperarm_r lowerarm_r hand_r Prop_Revolver_02 middle_01_r middle_02_r thumb_01_r thumb_02_r thumb_03_r neck_01 head eyebrows eyes thigh_l calf_l foot_l ball_l toes_l thigh_r calf_r foot_r ball_r toes_r 
BoneOffset 
1 0 0 0 0 1 0 0 0 0 1 0 0 0 0 1 
1 9.56802e-08 4.04576e-15 0 -9.56802e-08 1 -1.29203e-14 0 -4.04576e-15 1.29203e-14 1 0 1.78678e-07 -55.2888 7.14348e-13 1 
1.53823e-14 -1 -2.56977e-16 0 1 1.53823e-14 -6.11889e-18 0 6.11889e-18 -2.56977e-16 1 0 -64.9105 -2.29913e-13 2.02619 1 
4.28008e-15 -1 -2.56977e-16 0 1 4.28008e-15 -9.6354e-18 0 9.6354e-18 -2.56977e-16 1 0 -80.442 -2.30271e-13 2.02619 1 
4.2559e-15 3.93047e-16 1 0 0.994351 0.106138 -4.27358e-15 0 -0.106138 0.994351 6.08865e-17 0 -95.3507 -8.14011 -4.8048e-13 1 
0.918227 -0.0618528 0.391194 0 0.0672088 0.997739 3.82364e-09 0 -0.39031 0.0262917 0.920308 0 -17.159 -102.326 -4.86586 1 
0.986846 0.161665 -4.99467e-08 0 -0.161665 0.986846 7.45797e-09 0 5.04954e-08 7.1477e-10 1 0 -5.83007 -106.441 4.47287 1 
0.997389 0.0722142 -4.99467e-08 0 -0.0722142 0.997389 7.45797e-09 0 5.03549e-08 -3.83164e-09 1 0 -42.1376 -104.24 4.47287 1 
0.612663 0.140457 -0.777763 0 -0.22346 0.974713 -1.72518e-07 0 0.758095 0.173799 0.628558 0 -21.4195 -105.198 62.0374 1 
0 0 0 0 0 0 0 0 0 0 0 0 0 0 0 0 
0.942716 0.333552 0.00548991 0 -0.333557 0.94273 3.68803e-08 0 -0.00517549 -0.00183123 0.999985 0 -52.6045 -122.302 3.97671 1 
1 -6.0498e-08 -2.0889e-07 0 6.04979e-08 1 3.63007e-08 0 2.0889e-07 -3.63007e-08 1 0 -97.2461 -95.316 4.51068 1 
0.801249 0.15164 -0.578797 0 -0.185954 0.982558 -2.03656e-07 0 0.568702 0.107629 0.815472 0 -49.6997 -106.672 45.1493 1 
0.831025 0.371308 -0.414159 0 -0.407939 0.913009 1.31578e-07 0 0.378131 0.168951 0.910205 0 -37.7053 -119.962 29.9262 1 
1 -5.26228e-08 -1.18314e-07 0 5.26228e-08 1 1.61946e-07 0 1.18314e-07 -1.61946e-07 1 0 -94.8386 -90.9208 -10.2746 1 
0.918227 -0.0618528 0.391194 0 -0.0672088 -0.997739 -9.68862e-09 0 0.39031 -0.0262917 -0.920308 0 17.1591 102.326 4.86588 1 
0.986846 0.161665 -4.69024e-08 0 0.161665 -0.986846 -1.51742e-08 0 -4.87386e-08 7.39216e-09 -1 0 5.83009 106.441 -4.47287 1 
0.997389 0.0722142 -4.69024e-08 0 0.0722142 -0.997389 -1.51742e-08 0 -4.78757e-08 1.17476e-08 -1 0 42.1376 104.24 -4.47287 1 
0.612664 0.140457 -0.777763 0 0.22346 -0.974713 3.09725e-08 0 -0.758096 -0.173799 -0.628558 0 21.4195 105.198 -62.0375 1 
0 0 0 0 0 0 0 0 0 0 0 0 0 0 0 0 
0.942716 0.333552 0.00548995 0 0.333557 -0.94273 -1.30448e-08 0 0.00517553 0.00183122 -0.999985 0 52.6045 122.302 -3.9767 1 
1 -7.19823e-09 -1.72881e-07 0 -7.19824e-09 -1 -1.38894e-08 0 -1.7288e-07 1.38894e-08 -1 0 97.2462 95.3161 -4.51067 1 
0.801249 0.15164 -0.578797 0 0.185954 -0.982558 1.68805e-07 0 -0.568702 -0.107629 -0.815472 0 49.6997 106.672 -45.1492 1 
0.831025 0.371308 -0.414159 0 0.407939 -0.913009 -1.97165e-07 0 -0.378131 -0.168951 -0.910205 0 37.7052 119.962 -29.9262 1 
1 8.24837e-09 -1.06407e-07 0 8.24835e-09 -1 -1.66379e-07 0 -1.06407e-07 1.66379e-07 -1 0 94.8386 90.9208 10.2746 1 
-7.03525e-15 -4.05861e-16 -1 0 0.939501 0.342545 -6.74866e-15 0 0.342545 -0.939501 -2.02858e-15 0 -106.26 -43.0468 1.18139e-12 1 
-1.18598e-15 7.13747e-15 -1 0 0.691481 0.722395 4.33599e-15 0 0.722395 -0.691481 -5.79216e-15 0 -82.58 -88.6555 4.7202e-13 1 
1 -4.6715e-15 -1.50805e-14 0 4.6715e-15 1 7.26257e-08 0 1.50805e-14 -7.26257e-08 1 0 -3.05863e-12 -158.605 -30.6156 1 
1 -4.6715e-15 -1.50805e-14 0 4.6715e-15 1 7.26257e-08 0 1.50805e-14 -7.26257e-08 1 0 -2.28926e-12 -152.03 -30.6156 1 
0.0277873 0.999614 1.23026e-16 0 -0.999614 0.0277873 -7.13082e-16 0 -7.16225e-16 -1.03164e-16 1 0 48.6422 -16.3116 3.35862e-14 1 
0.0384178 0.205731 0.977854 0 -0.983008 0.183564 1.21325e-07 0 -0.179499 -0.961238 0.209287 0 29.4383 -8.79058 -15.1261 1 
1.80185e-08 1.90135e-07 -1 0 -0.366721 0.930331 1.7028e-07 0 0.930331 0.366721 8.64895e-08 0 6.8011 -7.30743 16.2493 1 
5.06939e-08 -2.17354e-08 -1 0 -4.4475e-30 1 -2.17354e-08 0 1 1.10185e-15 5.06939e-08 0 -3.55503 -2.38772 16.2493 1 
1 -2.17354e-08 8.64895e-08 0 2.17354e-08 1 -1.8816e-07 0 -8.64895e-08 1.8816e-07 1 0 -16.2493 -2.38773 -9.44398 1 
0.0277873 0.999614 2.10653e-08 0 0.999614 -0.0277873 -5.85584e-10 0 -1.05985e-14 2.10734e-08 -1 0 -48.6422 16.3116 3.43743e-07 1 
0.0384177 0.205731 0.977854 0 0.983008 -0.183564 -1.16978e-07 0 0.179499 0.961238 -0.209287 0 -29.4383 8.79059 15.1261 1 
-2.32029e-09 2.87757e-07 -1 0 0.366721 -0.930331 -2.6856e-07 0 -0.930331 -0.366721 -1.03368e-07 0 -6.80109 7.30741 -16.2493 1 
1.99565e-08 -5.59975e-08 -1 0 -6.78273e-30 -1 5.59975e-08 0 -1 -1.11751e-15 -1.99565e-08 0 3.55503 2.38771 -16.2493 1 
1 -5.59975e-08 7.35655e-08 0 -5.59975e-08 -1 5.06659e-08 0 7.35655e-08 -5.06659e-08 -1 0 16.2493 2.38771 9.44398 1 
SubmeshOffset 
0 180 6 66 117 114 315 42 84 0 48 60 12 18 18 51 297 60 66 0 36 66 27 33 12 135 1488 72 60 120 135 264 120 0 69 87 255 147 0 
